         Infinity   1.00000000       0.00000000       0.00000000       1.00000000       0.00000000    
         Infinity   1.00000000       0.00000000       0.00000000       2.00000000       0.00000000    
         Infinity   1.00000000       0.00000000       0.00000000       3.00000000       0.00000000    
         Infinity   1.00000000       0.00000000       0.00000000       4.00000000       0.00000000    
         Infinity   1.00000000       0.00000000       0.00000000       5.00000000       0.00000000    
         Infinity   1.00000000       0.00000000       0.00000000       6.00000000       0.00000000    
         Infinity   1.00000000       0.00000000       0.00000000       7.00000000       0.00000000    
         Infinity   1.00000000       0.00000000       0.00000000       8.00000000       0.00000000    
         Infinity   1.00000000       0.00000000       0.00000000       9.00000000       0.00000000    
         Infinity   1.00000000       0.00000000       0.00000000       10.0000000       0.00000000    
         Infinity   1.00000000       0.00000000       0.00000000       11.0000000       0.00000000    
         Infinity   1.00000000       0.00000000       0.00000000       12.0000000       0.00000000    
         Infinity   1.00000000       0.00000000       0.00000000       13.0000000       0.00000000    
         Infinity   1.00000000       0.00000000       0.00000000       14.0000000       0.00000000    
         Infinity   1.00000000       0.00000000       0.00000000       15.0000000       0.00000000    
         Infinity   1.00000000       0.00000000       0.00000000       16.0000000       0.00000000    
         Infinity   1.00000000       0.00000000       0.00000000       17.0000000       0.00000000    
         Infinity   1.00000000       0.00000000       0.00000000       18.0000000       0.00000000    
         Infinity   1.00000000       0.00000000       0.00000000       19.0000000       0.00000000    
         Infinity   1.00000000       0.00000000       0.00000000       20.0000000       0.00000000    
         Infinity   1.00000000       0.00000000       0.00000000       21.0000000       0.00000000    
         Infinity   1.00000000       0.00000000       0.00000000       22.0000000       0.00000000    
         Infinity   1.00000000       0.00000000       0.00000000       23.0000000       0.00000000    
         Infinity   1.00000000       0.00000000       0.00000000       24.0000000       0.00000000    
         Infinity   1.00000000       0.00000000       0.00000000       25.0000000       0.00000000    
         Infinity   1.00000000       0.00000000       0.00000000       26.0000000       0.00000000    
         Infinity   1.00000000       0.00000000       0.00000000       27.0000000       0.00000000    
         Infinity   1.00000000       0.00000000       0.00000000       28.0000000       0.00000000    
         Infinity   1.00000000       0.00000000       0.00000000       29.0000000       0.00000000    
         Infinity   1.00000000       0.00000000       0.00000000       30.0000000       0.00000000    
         Infinity   1.00000000       0.00000000       0.00000000       31.0000000       0.00000000    
         Infinity   1.00000000       0.00000000       0.00000000       32.0000000       0.00000000    
         Infinity   1.00000000       0.00000000       0.00000000       33.0000000       0.00000000    
         Infinity   1.00000000       0.00000000       0.00000000       34.0000000       0.00000000    
         Infinity   1.00000000       0.00000000       0.00000000       35.0000000       0.00000000    
         Infinity   1.00000000       0.00000000       0.00000000       36.0000000       0.00000000    
         Infinity   1.00000000       0.00000000       0.00000000       37.0000000       0.00000000    
         Infinity   1.00000000       0.00000000       0.00000000       38.0000000       0.00000000    
         Infinity   1.00000000       0.00000000       0.00000000       39.0000000       0.00000000    
         Infinity   1.00000000       0.00000000       0.00000000       40.0000000       0.00000000    
         Infinity   1.00000000       0.00000000       0.00000000       41.0000000       0.00000000    
         Infinity   1.00000000       0.00000000       0.00000000       42.0000000       0.00000000    
         Infinity   1.00000000       0.00000000       0.00000000       43.0000000       0.00000000    
         Infinity   1.00000000       0.00000000       0.00000000       44.0000000       0.00000000    
         Infinity   1.00000000       0.00000000       0.00000000       45.0000000       0.00000000    
         Infinity   1.00000000       0.00000000       0.00000000       46.0000000       0.00000000    
         Infinity   1.00000000       0.00000000       0.00000000       47.0000000       0.00000000    
         Infinity   1.00000000       0.00000000       0.00000000       48.0000000       0.00000000    
         Infinity   1.00000000       0.00000000       0.00000000       49.0000000       0.00000000    
         Infinity   1.00000000       0.00000000       0.00000000       50.0000000       0.00000000    
   4.18879032       1.00000000       0.00000000      -30.0000000       1.89155364       5.00000000    
   4.18879032       1.00000000       0.00000000      -30.0000000       7.67942095       5.00000000    
   4.18879032       1.00000000       0.00000000      -30.0000000       11.7219753       5.00000000    
   4.18879032       1.00000000       0.00000000      -30.0000000       16.7229652       5.00000000    
   4.18879032       1.00000000       0.00000000      -30.0000000       24.8303604       5.00000000    
   4.18879032       1.00000000       0.00000000      -30.0000000       29.1038704       5.00000000    
   4.18879032       1.00000000       0.00000000      -30.0000000       34.5608902       5.00000000    
   4.18879032       1.00000000       0.00000000      -30.0000000       35.9091415       5.00000000    
   4.18879032       1.00000000       0.00000000      -30.0000000       42.2151146       5.00000000    
   4.18879032       1.00000000       0.00000000      -30.0000000       45.4745674       5.00000000    
   4.18879032       1.00000000       0.00000000      -30.0000000       54.0369377       5.00000000    
   4.18879032       1.00000000       0.00000000      -30.0000000       58.3947830       5.00000000    
   4.18879032       1.00000000       0.00000000      -30.0000000       63.8348503       5.00000000    
   4.18879032       1.00000000       0.00000000      -30.0000000       65.3939056       5.00000000    
   4.18879032       1.00000000       0.00000000      -30.0000000       73.2097473       5.00000000    
   4.18879032       1.00000000       0.00000000      -30.0000000       77.9108658       5.00000000    
   4.18879032       1.00000000       0.00000000      -30.0000000       84.0148163       5.00000000    
   4.18879032       1.00000000       0.00000000      -30.0000000       89.4974518       5.00000000    
   4.18879032       1.00000000       0.00000000      -30.0000000       90.0653381       5.00000000    
   4.18879032       1.00000000       0.00000000      -30.0000000       96.8420792       5.00000000    
   4.18879032       1.00000000       0.00000000      -30.0000000       2.40175033       8.00000000    
   4.18879032       1.00000000       0.00000000      -30.0000000       9.66050434       8.00000000    
   4.18879032       1.00000000       0.00000000      -30.0000000       12.7389784       8.00000000    
   4.18879032       1.00000000       0.00000000      -30.0000000       15.5927029       8.00000000    
   4.18879032       1.00000000       0.00000000      -30.0000000       22.5829124       8.00000000    
   4.18879032       1.00000000       0.00000000      -30.0000000       26.9645691       8.00000000    
   4.18879032       1.00000000       0.00000000      -30.0000000       31.9762516       8.00000000    
   4.18879032       1.00000000       0.00000000      -30.0000000       37.7570419       8.00000000    
   4.18879032       1.00000000       0.00000000      -30.0000000       43.6288986       8.00000000    
   4.18879032       1.00000000       0.00000000      -30.0000000       46.5922928       8.00000000    
   4.18879032       1.00000000       0.00000000      -30.0000000       53.3633690       8.00000000    
   4.18879032       1.00000000       0.00000000      -30.0000000       55.3291092       8.00000000    
   4.18879032       1.00000000       0.00000000      -30.0000000       64.9139862       8.00000000    
   4.18879032       1.00000000       0.00000000      -30.0000000       65.7883987       8.00000000    
   4.18879032       1.00000000       0.00000000      -30.0000000       74.7870712       8.00000000    
   4.18879032       1.00000000       0.00000000      -30.0000000       78.4916306       8.00000000    
   4.18879032       1.00000000       0.00000000      -30.0000000       84.5141678       8.00000000    
   4.18879032       1.00000000       0.00000000      -30.0000000       87.1935883       8.00000000    
   4.18879032       1.00000000       0.00000000      -30.0000000       93.9124374       8.00000000    
   4.18879032       1.00000000       0.00000000      -30.0000000       97.6744232       8.00000000    
   4.18879032       1.00000000       0.00000000      -30.0000000      0.372498930       11.0000000    
   4.18879032       1.00000000       0.00000000      -30.0000000       7.72869110       11.0000000    
   4.18879032       1.00000000       0.00000000      -30.0000000       10.0409222       11.0000000    
   4.18879032       1.00000000       0.00000000      -30.0000000       17.4632034       11.0000000    
   4.18879032       1.00000000       0.00000000      -30.0000000       20.7503700       11.0000000    
   4.18879032       1.00000000       0.00000000      -30.0000000       25.2724304       11.0000000    
   4.18879032       1.00000000       0.00000000      -30.0000000       33.6015244       11.0000000    
   4.18879032       1.00000000       0.00000000      -30.0000000       38.3989334       11.0000000    
   4.18879032       1.00000000       0.00000000      -30.0000000       44.7617760       11.0000000    
   4.18879032       1.00000000       0.00000000      -30.0000000       47.9004745       11.0000000    
   4.18879032       1.00000000       0.00000000      -30.0000000       54.1699448       11.0000000    
   4.18879032       1.00000000       0.00000000      -30.0000000       57.1547775       11.0000000    
   4.18879032       1.00000000       0.00000000      -30.0000000       63.6201439       11.0000000    
   4.18879032       1.00000000       0.00000000      -30.0000000       68.2421036       11.0000000    
   4.18879032       1.00000000       0.00000000      -30.0000000       70.0033264       11.0000000    
   4.18879032       1.00000000       0.00000000      -30.0000000       77.3825302       11.0000000    
   4.18879032       1.00000000       0.00000000      -30.0000000       82.4673233       11.0000000    
   4.18879032       1.00000000       0.00000000      -30.0000000       89.3225708       11.0000000    
   4.18879032       1.00000000       0.00000000      -30.0000000       92.3637924       11.0000000    
   4.18879032       1.00000000       0.00000000      -30.0000000       99.2653046       11.0000000    
